Біграми (перекривні):
         а    б    в    г    д    е    ё    ж    з    и    й    к    л    м    н    о    п    р    с    т    у    ф    х    ц    ч    ш    щ    ъ    ы    ь    э    ю    я     
а        0    2    0    1    6    0    0    0    3    0    0    8    2    0    4    0    0    4    5    4    0    0    0    1    0    2    0    0    0    0    0    1    3    9
б        1    0    0    0    0    3    0    0    0    0    0    2    0    0    0    3    0    1    0    0    5    0    0    0    0    0    0    0    1    0    0    0    1    1
в        1    0    0    0    0   13    0    0    0    3    0    0    0    0    0    8    0    1    0    0    0    0    0    0    0    0    0    0    0    0    0    0    0    7
г        0    0    0    0    1    0    0    0    0    0    0    0    0    0    0    5    0    2    0    0    4    0    0    0    0    0    0    0    0    0    0    0    0    0
д        3    0    0    0    0    0    0    0    0    5    0    0    0    0    6    4    0    1    0    1    0    0    0    1    0    0    0    0    0    2    0    0    1    2
е        0    3    2    1    1    1    0    3    0    0    1    0    2    5    4    0    0    6    3   12    0    0    0    0    4    0    1    0    0    0    0    0    0   20
ё        0    0    0    0    0    0    0    0    0    0    0    0    0    0    0    0    0    0    0    0    0    0    0    0    0    0    0    0    0    0    0    0    0    0
ж        0    0    0    0    0    2    0    0    0    3    0    0    0    0    3    0    0    0    0    0    0    0    0    0    0    0    0    0    0    0    0    0    0    2
з        5    1    1    0    0    1    0    0    0    0    0    0    0    0    1    0    0    0    0    0    0    0    0    0    0    0    0    0    0    0    0    0    0    0
и        0    2    5    0    2    0    0    0    3    0    4    0    1    0    3    0    0    0    2    4    0    0    0    0    1    4    0    0    0    0    0    0    0   13
й        0    0    0    0    0    0    0    0    0    0    0    0    0    0    0    0    0    0    1    0    0    0    0    1    0    0    0    0    0    0    0    0    0   12
к        5    0    0    0    0    2    0    0    0    5    0    0    0    0    0   13    0    0    0    1    0    0    0    0    0    0    0    0    0    0    0    0    0    5
л        1    0    0    0    0    1    0    0    0    3    0    0    0    0    1    4    0    0    0    0    0    0    0    0    0    0    0    0    1    4    0    0    0    1
м        1    0    0    0    0    5    0    0    0    0    0    0    0    0    7    6    0    1    0    0    3    0    0    0    0    0    0    0    0    1    0    0    1    7
н       12    0    0    0    0   28    0    0    0    4    0    0    0    0    4    5    0    0    1    0    3    0    0    0    0    0    0    0    3    1    0    1    2    0
о        0    4    0    7    9    1    0    1    1    0    7    1    6   11    0    0    1    5    7    5    0    0    0    0    0    0    1    0    0    0    0    1    1   22
п        0    0    0    0    0    0    0    0    0    2    0    0    0    0    0    6    0    6    0    0    1    0    0    0    0    0    0    0    1    0    0    0    0    0
р        8    0    0    0    1    6    0    0    0    4    0    0    0    0    3    9    0    0    0    0    4    0    0    0    0    0    0    0    0    1    0    0    0    0
с        2    1    4    0    0    3    0    0    0    1    0    6    1    0    0    0    2    0    1   14    0    0    0    0    0    0    0    0    0    5    0    0    5    0
т       15    0    2    0    0    6    0    0    0    3    0    0    0    1    1   22    0    5    2    0    1    0    2    0    0    0    0    0    6    6    0    0    1    6
у        0    0    0    0    4    0    0    2    0    1    1    0    1    1    2    0    0    0    6    2    0    0    0    0    1    4    0    0    0    0    0    0    0    4
ф        0    0    0    0    0    0    0    0    0    1    0    0    0    0    0    0    0    0    0    0    0    0    0    0    0    0    0    0    0    0    0    0    0    0
х        0    0    0    0    0    0    0    0    0    0    0    0    0    0    0    4    0    0    0    0    0    0    0    0    0    0    0    0    0    0    0    0    0    0
ц        1    0    0    0    0    1    0    0    0    0    0    1    0    0    0    0    0    0    0    0    0    0    0    0    0    0    0    0    0    0    0    0    0    0
ч        3    0    0    0    0    3    0    0    0    1    0    0    0    0    0    0    0    0    0    8    0    0    0    0    0    0    0    0    0    0    0    0    0    0
ш        0    0    0    0    0    1    0    0    0    2    0    3    0    0    0    0    0    0    0    0    5    0    0    0    0    0    0    0    0    2    0    0    0    2
щ        0    0    0    0    0    1    0    0    0    0    0    0    0    0    0    0    0    0    0    0    0    0    0    0    0    0    0    0    0    1    0    0    0    0
ъ        0    0    0    0    0    0    0    0    0    0    0    0    0    0    0    0    0    0    0    0    0    0    0    0    0    0    0    0    0    0    0    0    0    0
ы        0    0    0    0    0    0    0    0    0    0    4    0    1    0    0    0    0    0    0    1    0    0    0    0    0    0    0    0    0    0    0    0    0    5
ь        0    0    0    0    0    0    0    0    0    0    0    5    0    1    0    0    0    0    2    0    0    0    0    0    0    1    0    0    0    0    0    0    0    7
э        0    0    0    0    0    0    0    0    0    0    0    0    0    0    0    0    0    0    0    1    0    0    0    0    0    0    0    0    0    0    0    0    0    0
ю        0    0    0    0    0    0    0    0    0    0    0    0    0    0    0    0    0    0    0    0    0    0    0    0    0    0    0    0    0    0    0    1    0    3
я        0    0    0    1    0    0    0    0    0    0    0    0    0    0    0    0    0    0    0    1    0    0    0    0    0    0    0    0    0    0    0    0    0   12
         0    5   15    2    4    1    0    5    1    5    0    4    2   15   18    9    8    4   13   22    7    1    2    0    5    4    0    0    0    0    0    0    2    0

Біграми (неперекривні):
         а    б    в    г    д    е    ё    ж    з    и    й    к    л    м    н    о    п    р    с    т    у    ф    х    ц    ч    ш    щ    ъ    ы    ь    э    ю    я     
а        0    0    0    0    5    0    0    0    0    0    0    4    2    0    2    0    0    2    4    3    0    0    0    0    0    1    0    0    0    0    0    0    2    3
б        1    0    0    0    0    2    0    0    0    0    0    1    0    0    0    2    0    1    0    0    1    0    0    0    0    0    0    0    0    0    0    0    0    1
в        1    0    0    0    0    7    0    0    0    1    0    0    0    0    0    4    0    1    0    0    0    0    0    0    0    0    0    0    0    0    0    0    0    5
г        0    0    0    0    0    0    0    0    0    0    0    0    0    0    0    3    0    1    0    0    3    0    0    0    0    0    0    0    0    0    0    0    0    0
д        1    0    0    0    0    0    0    0    0    2    0    0    0    0    3    2    0    0    0    0    0    0    0    1    0    0    0    0    0    1    0    0    0    0
е        0    1    0    0    1    1    0    1    0    0    1    0    2    1    1    0    0    3    3    4    0    0    0    0    2    0    0    0    0    0    0    0    0   11
ё        0    0    0    0    0    0    0    0    0    0    0    0    0    0    0    0    0    0    0    0    0    0    0    0    0    0    0    0    0    0    0    0    0    0
ж        0    0    0    0    0    0    0    0    0    3    0    0    0    0    2    0    0    0    0    0    0    0    0    0    0    0    0    0    0    0    0    0    0    1
з        5    1    0    0    0    1    0    0    0    0    0    0    0    0    1    0    0    0    0    0    0    0    0    0    0    0    0    0    0    0    0    0    0    0
и        0    1    2    0    1    0    0    0    0    0    2    0    0    0    0    0    0    0    0    2    0    0    0    0    0    2    0    0    0    0    0    0    0    8
й        0    0    0    0    0    0    0    0    0    0    0    0    0    0    0    0    0    0    1    0    0    0    0    1    0    0    0    0    0    0    0    0    0    3
к        4    0    0    0    0    1    0    0    0    3    0    0    0    0    0    6    0    0    0    0    0    0    0    0    0    0    0    0    0    0    0    0    0    2
л        1    0    0    0    0    1    0    0    0    2    0    0    0    0    1    0    0    0    0    0    0    0    0    0    0    0    0    0    0    3    0    0    0    0
м        0    0    0    0    0    4    0    0    0    0    0    0    0    0    5    5    0    1    0    0    3    0    0    0    0    0    0    0    0    0    0    0    1    4
н        6    0    0    0    0   14    0    0    0    2    0    0    0    0    2    3    0    0    1    0    0    0    0    0    0    0    0    0    0    1    0    1    2    0
о        0    1    0    3    5    0    0    0    1    0    3    0    1    4    0    0    0    4    5    2    0    0    0    0    0    0    0    0    0    0    0    1    0   10
п        0    0    0    0    0    0    0    0    0    2    0    0    0    0    0    4    0    4    0    0    1    0    0    0    0    0    0    0    0    0    0    0    0    0
р        2    0    0    0    0    3    0    0    0    1    0    0    0    0    2    5    0    0    0    0    2    0    0    0    0    0    0    0    0    0    0    0    0    0
с        0    1    2    0    0    0    0    0    0    1    0    2    0    0    0    0    1    0    0    8    0    0    0    0    0    0    0    0    0    1    0    0    2    0
т        6    0    1    0    0    3    0    0    0    1    0    0    0    0    0   15    0    1    1    0    1    0    1    0    0    0    0    0    2    3    0    0    1    6
у        0    0    0    0    3    0    0    1    0    0    1    0    1    0    1    0    0    0    3    1    0    0    0    0    1    3    0    0    0    0    0    0    0    0
ф        0    0    0    0    0    0    0    0    0    1    0    0    0    0    0    0    0    0    0    0    0    0    0    0    0    0    0    0    0    0    0    0    0    0
х        0    0    0    0    0    0    0    0    0    0    0    0    0    0    0    2    0    0    0    0    0    0    0    0    0    0    0    0    0    0    0    0    0    0
ц        0    0    0    0    0    0    0    0    0    0    0    1    0    0    0    0    0    0    0    0    0    0    0    0    0    0    0    0    0    0    0    0    0    0
ч        1    0    0    0    0    2    0    0    0    0    0    0    0    0    0    0    0    0    0    3    0    0    0    0    0    0    0    0    0    0    0    0    0    0
ш        0    0    0    0    0    1    0    0    0    1    0    1    0    0    0    0    0    0    0    0    3    0    0    0    0    0    0    0    0    0    0    0    0    1
щ        0    0    0    0    0    1    0    0    0    0    0    0    0    0    0    0    0    0    0    0    0    0    0    0    0    0    0    0    0    1    0    0    0    0
ъ        0    0    0    0    0    0    0    0    0    0    0    0    0    0    0    0    0    0    0    0    0    0    0    0    0    0    0    0    0    0    0    0    0    0
ы        0    0    0    0    0    0    0    0    0    0    4    0    1    0    0    0    0    0    0    1    0    0    0    0    0    0    0    0    0    0    0    0    0    3
ь        0    0    0    0    0    0    0    0    0    0    0    2    0    0    0    0    0    0    1    0    0    0    0    0    0    0    0    0    0    0    0    0    0    5
э        0    0    0    0    0    0    0    0    0    0    0    0    0    0    0    0    0    0    0    0    0    0    0    0    0    0    0    0    0    0    0    0    0    0
ю        0    0    0    0    0    0    0    0    0    0    0    0    0    0    0    0    0    0    0    0    0    0    0    0    0    0    0    0    0    0    0    0    0    2
я        0    0    0    0    0    0    0    0    0    0    0    0    0    0    0    0    0    0    0    0    0    0    0    0    0    0    0    0    0    0    0    0    0    6
         0    3    6    2    2    1    0    2    0    4    0    3    1    4    9    4    4    3    6   12    3    0    1    0    4    2    0    0    0    0    0    0    1    0

H1 (з пробілами): 4.35953
H2 (з пробілами): 3.66745

H1 (без пробілів): 4.41449
H2 (без пробілів): 3.74747

Найчастіші літери:
Літера ' ' має частоту: 0.13926
Літера 'о' має частоту: 0.08805
Літера 'т' має частоту: 0.07457
Літера 'е' має частоту: 0.07098
Літера 'н' має частоту: 0.05750
Літера 'а' має частоту: 0.05211
Літера 'и' має частоту: 0.04223
Літера 'с' має частоту: 0.04043
Літера 'р' має частоту: 0.03235
Літера 'м' має частоту: 0.03055
Літера 'в' має частоту: 0.02965
Літера 'у' має частоту: 0.02965
Літера 'к' має частоту: 0.02785
Літера 'д' має частоту: 0.02516
Літера 'ь' має частоту: 0.02066
Літера 'б' має частоту: 0.01707
Літера 'я' має частоту: 0.01707
Літера 'й' має частоту: 0.01527
Літера 'л' має частоту: 0.01438
Літера 'п' має частоту: 0.01438
Літера 'ч' має частоту: 0.01348
Літера 'ш' має частоту: 0.01348
Літера 'г' має частоту: 0.01078
Літера 'ж' має частоту: 0.01078
Літера 'ы' має частоту: 0.01078
Літера 'з' має частоту: 0.00809
Літера 'х' має частоту: 0.00359
Літера 'ю' має частоту: 0.00359
Літера 'ц' має частоту: 0.00270
Літера 'щ' має частоту: 0.00180
Літера 'ф' має частоту: 0.00090
Літера 'э' має частоту: 0.00090
Літера 'ё' має частоту: 0.00000
Літера 'ъ' має частоту: 0.00000
